Total error: 0.03529
Precision: 0.97297
Recall: 0.98630
F1-metric: 0.97959
