Best C: 8.00000
Total error: 0.04706
Precision: 0.90323
Recall: 0.96552
F1-metric: 0.93333
