Best Lymbda: 0.12500
Total error: 0.04706
Precision: 0.92105
Recall: 0.97222
F1-metric: 0.94595
